           7
 Block   0
           4
         40        40         0        20         2
          0        40         0         0         1
          0         0         0        20         2
         40        40        20        20         2
 Block   1
           1
          0         0         0        15         2
 Block   3
          2
          0        20        15        15         3
          0         0         0        15         2
 Block   4
           1
          0        20        15        15         3
 Block   6
           1
          0         6         9         9         3
 Block   7
           1
          9         9         0         6         3
 Block   8
           6
         40        40         0        30         3
          0        40         0         0         2
          0        40        30        30         3
          0         0         0         0         2
         40        40         0         0         2
         40        40        30        30         3
